%YAML:1.0
---
calibration_time: "2022年08月13日 星期六 22时04分03秒"
image_width: 1280
image_height: 960
flags: 0
camera_matrix: !!opencv-matrix
   rows: 3
   cols: 3
   dt: d
   data: [ 8.5363093807651364e+02, 0., 6.7486255350629369e+02, 0.,
       8.5262353533373755e+02, 4.9534384016365254e+02, 0., 0., 1. ]
distortion_coefficients: !!opencv-matrix
   rows: 1
   cols: 5
   dt: d
   data: [ 1.4066681412010937e-01, -1.4827847308777620e-01,
       1.2012700219408438e-03, 2.4539879114944692e-04,
       -1.3473947190719643e-01 ]
avg_reprojection_error: 1.8064185022929385e-01
